236
5483 20
61410 471 64670 43895 71115 56583 90682 54838 19870 6052 58692 79057 27152 72869 3007 70522 48618 85428 31651 53064
9286 19
26395 50225 86477 26962 87900 66849 44411 43336 11219 12145 5441 4490 4073 27276 33249 91755 61292 78822 99937
2376 19
20487 88182 5633 12138 54962 15707 24430 91467 75624 98333 10170 52992 49492 42899 37443 93898 23742 77479 1632
5222 19
80462 54397 41400 10641 87267 98254 17264 59049 68892 83599 59752 26173 9465 97060 76267 4876 93170 48701 24693
6937 20
47247 36164 80846 97743 63659 60107 85692 33859 15426 26012 90470 96138 2814 64550 20272 89923 62652 62072 44769 6552
1470 16
23366 80351 14903 65082 11762 88669 95132 40701 76277 12250 50506 58597 42391 55394 25241 91232
5183 16
77213 16578 45499 15272 12674 87588 30363 40603 98307 96415 67503 34946 4666 58191 1046 15475
7571 18
47873 32320 86307 14748 78861 84042 77627 14527 25497 46106 50211 20278 38860 94825 35514 92146 98311 81760
4963 18
99629 28048 34875 28802 47826 32355 21883 62023 61153 13355 21360 67334 36289 99191 39937 44372 31380 42460
3340 18
89643 82696 96673 54815 23964 77225 8177 76201 37866 7453 31484 66710 34884 64382 45755 46621 33191 1489
8633 18
67844 8506 71976 44818 9625 24125 39974 98111 66129 65450 45900 6963 24477 46064 53911 46131 38962 31777
6559 15
99683 85010 20328 59253 77860 69005 79197 63406 54466 79134 16951 42056 32993 43420 60536
4032 16
62227 59059 75291 92981 68112 51048 35908 32155 40324 14852 66853 7520 96724 52001 20194 42375
3568 16
57089 38570 66803 1417 31134 3120 9324 37582 34112 5430 88971 38169 20511 15600 40438 99956
1403 12
60650 68456 10231 55951 80403 59518 74162 58077 42019 94238 40767 8000
4297 19
41818 40293 7838 40342 71757 77693 28652 25838 75660 8519 10514 85081 19612 81533 55765 596 50128 35826 5924
3324 13
56075 98469 49851 27589 65658 16067 6316 77126 63905 63487 80630 23321 29258
2898 13
4151 27128 3733 18833 39434 26924 15175 31889 73496 8979 69486 40590 96321
3216 11
81216 74598 74588 70762 20333 21563 14944 79179 9436 72361 66583
2074 17
34582 26233 72944 59350 9542 93740 97607 11830 69436 99422 44979 65019 98036 22159 96591 9539 51412
8283 17
21288 75797 34666 69572 52552 81890 94482 96375 29584 93762 84177 91275 77395 778 93624 75951 13885
1549 11
52239 47431 78457 39536 92602 36648 5245 52007 61854 98461 25013
6829 19
54721 9010 74908 27337 83846 60881 60934 45522 25090 6498 11981 68828 2609 29348 69860 52615 50086 34523 11544
3883 15
81808 44369 73083 97903 33589 48709 52270 51928 42944 24416 73176 45299 99574 60726 22713
6309 20
11607 87322 80460 82507 45999 38955 75658 93976 21737 86093 96428 79448 14653 17753 26640 38032 48809 95246 95180 63596
6732 20
68300 64978 63448 18926 28875 51248 41210 93576 54041 13724 15518 5703 20435 73562 42076 1786 6926 11427 29216 8321
4431 20
55114 28784 7277 60032 63847 41381 17664 91132 86464 5799 74076 27275 18859 41337 55444 45797 79125 57498 38796 14772
6355 16
97645 41965 33872 70258 20133 84084 65387 94618 50907 17030 62766 56480 31177 44783 10185 91485
6934 13
48481 98240 74367 16373 61838 32950 31381 71508 86885 53983 24894 8692 37761
5250 16
53617 3481 87580 77412 7011 36612 71929 31086 62578 87670 53051 86246 29546 95426 49622 16310
8673 17
36169 19193 30594 85016 49726 41820 26241 65759 2635 55372 39802 42713 49139 5764 66372 55022 90983
4724 10
84899 70830 45997 30970 89948 93002 88888 61668 27207 10120
1656 18
93771 35245 19251 61273 25507 88168 87475 86226 72509 24609 1053 44711 43936 37811 60616 23470 65224 97291
443 17
87797 64990 37035 3727 5945 95909 42772 21264 33760 41537 33594 85483 95877 76426 86652 10909 37258
7046 16
68407 80987 59209 20076 90356 78957 19097 86474 9189 25156 97324 12637 78128 47103 57174 3432
8176 13
57667 9621 899 91599 18106 44656 40020 14198 42862 16290 86706 14628 16355
9298 17
54793 58005 33256 36779 73334 62084 15972 47822 55680 69121 72773 39454 70235 69516 34485 26414 31280
3301 20
25109 89106 1990 31788 96993 19561 8738 16442 40547 4023 4947 38908 19556 92476 2972 87044 71697 17449 35755 70229
6299 12
70426 26214 34082 27430 5192 88770 26663 11206 19280 92565 756 37835
1459 10
935 22510 51146 70489 37665 27701 43644 31858 1646 78474
311 16
99037 51679 25499 61621 90667 14278 77658 294 9234 62846 37806 12715 81915 98158 16057 23380
5133 17
64838 28588 26207 20136 39849 99482 93696 38288 48956 96547 10317 58590 14061 17263 11041 6293 92591
8404 10
13529 44882 38866 96954 82120 37115 91728 36801 13368 58196
1555 18
84057 22605 10250 54372 16113 83990 35507 6024 93744 6096 57008 59340 13741 11313 4985 23692 21476 43350
1970 11
30317 80411 49785 13325 60718 92429 35806 71777 60864 22341 17137
7673 15
94213 94684 79896 3346 86700 82362 52006 33619 6644 99132 85973 64448 68285 50561 63693
1207 16
79181 97222 57280 74174 13873 38583 29096 49805 48526 80465 70794 54540 46375 39224 76575 80714
2386 13
29437 99353 68008 17124 75001 3100 71459 75808 79983 82456 35659 74830 59997
3418 15
19757 8222 92780 21134 78891 98243 4314 39322 12207 65342 67750 37794 96870 28143 48325
1568 14
97741 59420 89399 91789 42221 34664 88410 88676 28304 97471 11564 4870 43656 53185
6866 15
64764 31645 25496 9448 91843 5166 8553 30622 55404 79346 65174 91368 4819 98480 91496
9146 10
3122 72429 39507 22583 41164 67219 89996 85927 98259 16783
3444 14
37457 44469 82303 48528 58910 28590 68979 36044 41648 69317 39250 98937 17112 80839
1131 16
59249 27654 1711 29938 10202 76179 57994 46634 84936 77562 77825 51954 90313 63375 84751 48814
8252 20
15644 24053 43887 1999 37139 22870 75849 95482 36026 70777 48007 41332 23250 36571 62528 7933 82089 29847 3773 66036
1491 10
26376 64376 46948 40610 89224 32804 72736 36866 40304 52258
4730 18
10529 76599 49594 22078 66066 87813 76991 40011 33724 67578 70758 60736 68770 58981 70749 31199 60544 9219
9413 17
78612 127 9212 87152 21171 77867 56866 41002 70530 98988 49797 49055 37757 8928 41591 43304 77804
5992 19
79453 72864 48718 35818 96542 63560 76410 93708 70214 9899 33392 56265 25656 13735 84303 60611 43879 97239 10937
3788 19
5704 20309 54384 94356 98751 89413 67305 54710 91594 99265 18810 20704 45294 89924 4613 26619 94641 79613 35027
3613 20
37763 43355 30742 55759 4461 14696 64790 44158 68941 4368 28634 91166 77609 26915 25581 27244 19254 31038 63209 21856
9738 12
67808 40248 57908 65988 61396 5879 99559 49316 90910 91283 61321 77572
7584 17
39153 99672 8135 21488 40246 72986 64265 1783 75741 51486 18981 86386 23420 62506 71995 92705 17949
1955 16
47635 85930 76191 63577 12622 13105 59067 18445 29199 33254 43861 83997 82553 34815 23107 83672
9139 17
64792 72003 42268 33621 15943 9723 95334 92274 10873 71303 14898 6884 58246 23623 87919 84966 93889
3556 13
94722 50333 47632 21007 3563 73588 52999 63910 8144 48648 23675 65954 92042
8079 16
42415 82065 61137 78690 12234 14251 18718 40346 81894 35705 8205 88329 41092 7197 78175 21614
3156 17
60921 70022 41816 44433 17659 48445 93278 41314 20300 18056 82727 50115 5883 69169 68184 43827 94725
8505 19
51950 91543 75626 82264 70781 63958 99498 40259 80284 10869 86182 35399 62215 4848 44883 68405 68816 53693 64527
5434 14
27595 90886 24010 11018 42230 88996 59957 303 24601 76683 11851 79426 89994 47199
201 14
36432 22782 41939 71461 45238 55418 16015 71506 97865 43702 59402 37292 10122 9003
601 11
35850 55818 94757 67317 26911 71690 77085 5774 89734 41848 63440
4 12
89089 50423 75782 24927 84490 7521 88055 39112 7431 3437 14116 16808
2096 15
16507 46189 68033 46889 31719 41407 50863 92079 34037 49534 68181 64529 85637 29115 90985
8651 17
25462 11361 39193 18893 89367 67789 39508 50717 49211 49212 40752 97194 51171 39478 43346 31493 29347
6459 19
81297 19844 61506 81837 73898 41535 53526 18836 50834 31750 57409 62132 98174 39579 85041 13996 75329 89102 75475
3921 17
46074 76490 43430 60181 45079 1420 43480 61771 15053 14659 63852 89556 89729 54401 86890 85820 74507
7101 19
91494 2410 38707 51475 39203 32767 40947 6310 91892 80942 24687 1131 57753 25994 11319 69665 27529 64226 92569
5999 13
96427 11566 50054 21000 10128 59137 70701 33623 41739 75402 89070 75664 69509
9218 11
71906 23172 41448 8590 70639 27311 24201 68963 35538 89612 50339
8856 18
9159 40028 52675 51397 10002 93358 30784 73870 22168 24370 84352 92966 89133 11143 48490 11056 22229 38140
4747 15
39334 18335 85373 90051 99026 37252 38173 62706 23270 83455 66118 88551 77851 67265 73658
5287 19
25182 28737 45300 80276 27536 3206 10141 84768 69034 3028 70320 7137 74984 74627 8987 25386 61540 6389 78017
1630 10
4576 84827 44063 74771 30501 82512 36035 85785 20363 14764
369 20
68137 9741 13634 92968 9739 78547 74289 26625 42756 30841 77410 72504 51246 32053 35058 79272 15393 6355 5709 3212
8174 17
61041 77403 52739 13926 1372 609 96761 70808 86736 17294 21511 28054 25361 89563 70524 16501 31207
8750 18
51553 34853 38092 58401 56668 88161 7264 49185 83312 87766 22364 32270 44610 92134 9468 74777 31847 62683
7052 13
27824 58635 83861 64839 40929 69910 62402 84321 79572 69557 87600 33603 79005
4151 19
2007 81026 90768 4716 64586 80372 16075 50777 87260 13876 94044 1414 4371 55596 21082 4293 83535 61369 23247
6031 19
64514 70466 89846 68286 76663 55313 94439 12241 32328 77082 99007 89317 13299 69625 93202 25933 28934 23922 83325
4166 13
69496 76300 7037 30460 528 80654 54322 32465 30910 2875 855 52657 87852
9956 13
34601 84525 73679 97509 38387 83481 46911 26478 32066 882 86895 39065 51185
6779 18
96152 42236 97360 81514 80698 32041 23458 26920 17379 64219 28854 55496 41851 47812 2282 47364 64426 24773
9800 20
29458 21735 37308 50977 62670 39110 72219 83343 72334 97820 62235 42314 23887 27170 4382 16573 84088 65584 29173 87909
171 18
1041 76712 14190 96439 98551 83172 6770 28062 96480 19756 25686 93834 46997 33601 77844 8249 43211 52473
1785 20
75745 13637 3713 71438 25081 83641 89629 23466 20710 28923 72860 2644 8805 70753 65211 35779 23543 4612 67301 26014
3139 14
10883 72299 39342 89178 30075 31626 89733 82019 38151 53065 31857 71431 42701 37825
7384 16
68034 13395 24652 95648 22345 72666 62313 32486 88240 56831 81332 82847 31705 87360 12128 56319
619 18
32558 65213 56635 90525 62088 60621 21046 28694 40418 93396 19497 69605 94035 5153 73884 29412 63639 75448
5300 17
95188 31632 38344 68359 29553 66943 34016 1720 35042 64788 79246 7991 74157 66613 68007 1074 48327
7005 16
42667 38045 95367 68978 99895 57825 22817 93059 99761 62622 47204 86192 31766 77842 87675 17223
7468 12
37412 6968 82111 71658 85876 33073 68262 26244 44624 96293 13598 67830
822 13
8699 922 83102 22919 99608 80095 77822 36123 70989 77812 13934 9044 44944
5959 20
82786 7456 80143 30054 38771 35526 32423 63552 35242 46878 77538 43306 96085 55488 72923 73741 87472 99849 46385 77394
1843 17
76691 55459 79895 54642 20750 15645 43019 92956 36624 45113 6511 60475 62212 52837 87532 37441 28056
1698 15
94993 79537 71999 44856 22986 21794 76181 63603 86634 86330 63002 42802 42392 3676 45256
9575 17
6882 156 88866 8687 46723 38374 64191 96219 56036 7161 12528 60167 67740 54694 89054 59233 89330
8870 11
35629 92039 93405 97506 81469 18761 9805 44939 12501 50887 50069
853 18
6295 91403 59277 32160 83199 56000 28523 35198 32916 89060 29122 12851 13958 57405 11000 78235 22336 26715
2985 18
25908 81301 84959 23427 60130 85650 61028 31850 94195 84273 34879 95068 43834 96818 73927 33431 51017 18528
8243 10
19476 61019 78655 638 57482 81504 40459 93152 63983 3259
125 18
45043 98081 5506 11494 36357 656 33912 24320 13083 24555 42699 11431 52647 25834 38475 27867 61022 17310
6038 14
47571 13308 29502 82626 27151 42732 87232 12651 55969 5541 22669 13630 8411 59852
8980 18
62517 51046 89104 33813 89455 31898 59705 87720 47794 82184 93758 40741 71553 38563 19127 3363 66435 10443
2810 14
36956 88796 45996 89705 31727 96518 6405 87619 20616 97101 51528 19061 19048 22565
4313 12
27686 59 53735 48231 11128 99308 30755 21468 78749 45976 85470 4332
5437 19
58359 29133 84137 62156 75118 39244 78972 63416 94845 40517 90727 10326 36537 70941 99313 46209 49865 37541 19419
8695 18
27877 15204 81040 79720 68652 81554 88096 16115 49874 45625 41061 66047 59758 90469 86649 65975 56484 94710
9882 11
58055 92736 87633 407 95506 67493 34929 11092 58916 88230 21506
5456 18
2203 82694 22032 8211 23064 2724 6079 36677 87086 26549 59519 57034 83731 25761 37659 71499 52154 65290
9632 13
80027 11726 31243 30482 50180 80952 93968 56254 47147 30694 91243 8537 87415
666 18
9951 99567 30881 21912 71517 26993 14705 6572 57487 58181 13783 67875 2834 92957 36233 14885 25193 74264
1044 14
60239 32697 36160 46398 51997 46663 35191 47616 94797 72992 14907 60159 2081 60633
7882 18
54913 74373 96887 20779 19528 28478 31968 41924 89172 9650 52830 13054 35166 14164 75740 26343 16120 70924
2458 18
27462 13855 42765 53647 24514 23528 44793 78002 28094 88267 93986 47298 64735 24281 48316 29017 21568 16162
6717 20
81339 36096 18367 33661 74352 14982 2492 95454 41992 83653 32544 68371 87993 18904 26392 40088 25539 52310 28162 62589
5850 20
31379 77873 92879 61219 59172 74062 89722 84580 10978 93765 47391 59326 59268 29926 90104 17739 95232 37964 27306 83442
483 19
82157 22428 31983 6826 28793 72158 55175 96505 76401 64702 95567 13374 60976 31641 33160 35897 85773 23936 32841
8860 15
14415 20279 84585 33211 7541 22107 41353 88729 46033 65666 78009 86828 8608 17304 20185
3970 13
1978 74394 58686 81727 88203 84154 55513 2949 90280 55053 80384 32750 3427
965 17
11146 46573 59425 35736 2703 96799 54433 48933 60949 8982 83181 77830 25266 66258 64067 94083 92841
4293 15
14851 16419 56494 55306 21361 50667 8995 96517 44940 26784 90629 23588 62345 39038 19721
6645 11
6841 67775 98520 22571 55235 11090 68788 80150 5018 73926 82989
8534 13
84520 37898 93623 17498 84302 57696 80071 74239 86509 77373 33987 29668 88065
76 17
19617 36898 1634 71229 77142 98446 66622 54818 42055 21821 7302 95928 67143 99304 91509 81635 46769
9 19
83907 31528 35949 67053 38744 75171 90178 23584 64402 83380 95375 21205 15538 73654 51373 91115 18888 32264 72742
7995 17
76518 7514 78404 25285 77993 19974 95027 30852 72285 28990 47295 5768 64041 55364 74621 38128 96627
3931 10
28675 71748 61412 93226 37479 934 91009 94255 79350 51555
6970 15
39051 52680 46258 14732 56262 46138 6427 57776 99953 89421 37088 99291 61585 22466 79380
8064 10
61941 89668 52746 68566 41236 62486 96068 76477 84173 42075
7990 11
13950 80523 87856 85600 77378 9040 73836 10398 31814 35875 57971
9207 15
1997 99601 31623 71464 26043 98717 55619 66648 16170 9954 81410 92322 20404 52375 5809
9024 16
1252 80736 8309 87804 26190 88751 81011 38005 35144 75792 23986 61420 41138 77364 53122 37413
832 18
86392 98497 29746 26078 76482 42719 89198 3870 4567 54441 4118 53142 17213 12923 44419 85275 75680 29059
7772 11
57253 50607 28204 84743 77984 6211 13011 39201 36483 17269 15105
3306 17
83493 78551 78504 79610 59778 91251 74779 89523 51387 49472 41945 37296 16998 37210 62590 33651 46355
6132 20
99616 70159 78304 91995 22965 35404 31537 49399 3129 98166 7367 31414 82418 24486 53964 86473 72999 51697 26482 70814
2782 11
8202 35129 82323 39935 18103 81573 7826 20879 49505 64784 13815
5835 10
6703 24979 73781 30382 78040 89745 48697 93577 67862 93568
2395 9
84645 65485 32028 55498 29566 48699 37167 56459 78730
7259 15
28997 72463 70983 5724 14752 32807 65832 25195 44513 28395 76989 40686 14943 40291 28376
9132 17
38312 35203 22186 51747 59590 52541 75591 1267 16434 86824 99301 88197 56998 54837 57931 3276 86032
7492 18
80355 37917 3106 75856 94452 5958 36600 95147 59222 3343 6564 47924 80328 8586 55292 56726 46627 74579
989 10
80545 34191 20534 24957 37938 52770 57504 80725 77558 49599
1678 12
77147 81415 8723 22522 88823 32136 90171 64248 25878 4577 77902 68073
436 17
41981 63990 73634 30423 15140 94503 96497 6930 20540 86715 11589 65951 48725 58907 78386 57743 6619
6662 14
33638 44556 64323 46197 22401 2576 53378 67410 59662 77505 11990 95718 63706 65002
3269 9
76348 91649 26409 97599 10512 9269 4228 90162 74819
9631 15
52515 21990 77546 82475 77845 97215 63657 16931 80957 44312 59079 12160 42284 83914 9033
3815 17
14465 42691 7154 46480 77166 23933 92909 61699 17945 60964 32339 4154 51966 46374 34414 77528 63161
4530 20
49620 59736 36535 14970 87583 29429 35237 45342 63425 77447 58385 649 81708 7712 20367 35550 75613 16339 467 59613
1262 19
59548 37217 91379 52936 12010 99440 21917 89874 28974 81930 93039 89597 60418 97293 91993 63823 15082 4865 76659
3355 14
39247 3972 74434 17052 85455 28338 82099 53909 16639 66233 2186 67063 28985 5956
8442 15
24532 27227 60925 4402 56021 21380 94676 3051 6592 57194 44710 85364 94525 33149 84745
5299 10
54506 93645 98286 55542 50784 30447 86125 60588 26872 24657
5147 15
22453 7494 53547 25915 72544 76297 62803 44093 3587 11510 88450 98183 5397 4505 72695
9450 13
56124 4898 94101 54552 37346 87559 65268 26143 24297 15265 26656 34613 7204
9536 17
23190 7833 96470 86746 7034 47966 98834 43091 80553 38237 2979 9114 95844 37821 96880 40451 78845
7026 17
23830 89158 71221 40458 34018 75105 6916 7860 21756 45019 33688 20501 36760 47326 28224 33196 2780
8619 20
13613 41380 36119 15338 84382 30076 2992 22350 79332 31004 15139 98662 63017 38880 74371 32981 13798 75063 75489 38054
5263 15
73291 15260 64389 35600 83457 36344 21385 805 41725 37405 63602 32725 78398 27573 90365
9822 15
77581 73474 78886 46839 17524 23017 99677 64185 15665 49397 80800 6557 6489 63649 99995
5740 17
55359 97658 60241 66368 28223 5259 96584 89731 13430 25400 20081 2704 76978 72032 58634 33271 87176
6358 14
34072 57792 24699 72205 80031 59815 76175 28890 31301 24049 95859 61447 8841 31332
6464 17
78557 58880 71231 73743 49221 42483 37271 70117 7568 84763 66338 51166 88610 42093 7421 19163 8972
2584 16
21542 92996 26763 64662 18825 25590 66643 12255 98378 65610 96394 32934 58261 26296 87498 16831
9211 17
53659 41582 85039 2447 59839 22757 98128 4542 49402 1390 51143 99321 51184 84030 78020 85682 95659
1292 16
22361 56562 54443 23058 5504 87426 62702 23069 25891 54394 54836 84263 29470 96964 87445 33342
1216 19
36268 7427 73950 66396 69919 99548 78316 69128 58335 59090 3448 68040 92671 43911 51366 44309 2649 18980 64317
4245 12
47418 13323 27749 30077 49757 13249 1261 62112 30999 95230 58098 51737
6612 17
61274 26840 51976 22393 3698 11996 90289 91424 64075 60509 63998 41036 56585 56700 21810 1584 53430
3204 16
50962 5345 27379 80223 18318 77101 1557 73931 72901 50599 89802 19656 24222 38322 51307 90596
1269 12
88351 83339 43551 83487 16327 69219 42034 65460 21019 84144 65737 7718
9336 15
31985 4034 50935 14610 18601 7095 66404 89465 76358 77454 95682 18473 70375 98817 69072
8730 15
29795 80550 99517 75695 78006 28565 99587 70577 95584 63838 97591 3066 38448 54180 17254
169 16
24116 11989 89528 16510 69006 82712 83015 79875 6516 88125 64322 80122 98095 41858 25353 34351
4472 12
11639 22 68847 35070 77229 24982 44076 74212 96709 91501 6311 13360
8249 11
37418 47985 91503 28731 96403 92133 13897 65543 38780 57437 34308
5310 20
49946 63451 45286 6534 606 15813 38852 94736 39682 64901 31827 46404 83030 53672 83429 31916 18854 76641 96402 22487
4182 17
61641 46555 75049 63608 63342 94344 24070 19666 90084 31534 85814 88997 76386 46492 80157 44200 56877
1936 10
35664 40500 79552 77836 20331 95738 25943 64943 82705 81793
9302 18
44023 23442 31657 39129 22657 15916 24685 46052 20060 6648 16179 8397 83431 85456 43289 85673 38601 35617
3359 14
60622 10427 88827 42643 121 60390 67275 21187 85157 35819 29653 98757 4629 83642
3455 18
30918 33632 68755 93694 25114 51264 90615 26094 59195 90561 82940 26454 66719 67700 88309 57182 15838 86518
3957 14
58342 59251 31778 35096 69539 94704 57425 80855 51174 66732 51680 62852 47833 7543
1415 12
36581 60818 59570 86353 12331 77295 67311 89423 83073 35560 11057 18746
3994 15
32726 61624 43095 82658 62151 33450 12687 91208 34932 62438 55415 50405 98755 89216 93730
5285 15
2419 88880 33018 41032 66260 64457 67607 26087 669 31780 71759 84286 39323 17578 83059
8300 11
54196 41532 62377 92704 73038 31408 60051 10836 51039 15770 9754
5665 14
70373 83759 72290 74985 44135 3460 9186 23015 22498 28842 35461 85810 90147 72065
8303 10
74081 75871 65494 15817 34574 86922 97887 38797 10372 99530
8615 15
36274 60833 6437 45706 53492 92221 45337 53634 27558 38768 20740 96694 93148 87388 28285
184 19
33542 80850 64993 69535 30330 41179 66491 29786 33259 31799 56326 71043 34924 21874 87278 98043 33146 19888 40236
9124 18
32653 44053 62522 20981 15298 21421 68026 43429 94572 12780 12191 92903 40886 79060 15162 60377 72526 17411
8993 19
44224 33743 64519 98136 187 39834 56391 847 92714 79606 87988 80539 61528 3099 76163 77108 66780 20746 4825
984 18
5364 20155 38364 55512 64584 3149 10131 98443 62866 3243 78657 26821 43392 43599 29093 73305 67207 99627
3318 13
76786 43084 69979 1598 61006 58059 15194 32281 86023 94732 45513 22250 80271
1476 16
47921 36162 67602 57158 72019 80283 96318 81097 86219 75901 67690 71712 97603 1961 97715 62389
7974 13
59320 26314 27448 26355 45484 36882 71379 76647 20571 74034 46166 46572 88310
8663 11
9850 6134 8726 17711 49876 38608 60655 43539 56195 97554 87246
5968 11
34276 45326 15547 53808 17157 25980 92878 19106 52656 72515 24225
2269 20
13151 68373 36013 77141 83406 54550 7341 37632 27432 25367 24443 96431 16400 77337 54049 48995 21349 79711 60244 96225
8122 9
93479 98957 6121 55650 93036 99042 62802 53274 70857
1314 19
63642 64889 39913 66611 52397 97131 24981 39692 20714 55018 3071 12496 29706 11205 38917 87717 89598 46120 52882
6418 19
14997 77682 22844 79744 82879 91998 96150 57577 75744 3708 39035 4176 71901 55251 7124 81382 99717 36770 55802
7351 17
54109 67279 72240 58439 61674 34023 72391 40042 38075 13311 36168 23973 14182 22850 3102 96421 28531
6754 12
48874 16462 73946 69574 57188 6136 64971 54195 47046 9716 60674 38055
6979 19
89839 41474 32591 40294 57859 71799 71246 93347 41412 21211 30325 25493 15498 8991 43631 3425 18600 22906 76206
498 15
75135 77897 72849 38688 11241 90223 85390 4651 55274 80075 74383 14276 84687 95302 64733
1331 17
69820 69818 38127 59676 12924 25333 72124 53581 3541 86946 72349 81015 31281 36055 41770 59974 82656
6442 17
27191 71791 82710 38770 20785 83160 25017 11660 81761 36183 71284 73213 11172 69280 6299 52025 36383
53 11
19871 45897 2478 60488 1061 70968 67042 56156 61098 42293 27198
1307 18
46815 23465 40496 72959 33850 60016 52535 1529 77218 75297 48817 37105 24787 54991 76167 82495 30185 86902
7956 16
23650 83790 34990 86621 25103 2365 19498 11082 59305 43098 99270 76310 39793 8361 89710 91358
3065 14
27791 36925 88681 46943 57679 61023 9538 57157 57986 78668 54699 72236 18806 67243
2359 13
9508 55889 14067 60259 78319 30503 98686 63497 83803 19053 20678 28632 12451
8098 11
52912 86941 35499 83543 6241 32178 78523 48510 45918 7982 98316
6957 15
41944 72670 69907 32686 23121 89883 94880 8280 35443 29776 97950 4446 93239 16211 51669
2297 17
32352 98491 19238 67018 61759 74118 54343 20451 72402 48161 5511 6718 42504 70960 26037 34902 44219
7791 18
23942 27113 54133 35109 83007 41427 75810 87331 49959 81321 87958 48237 26638 84014 32187 91641 81874 93181
6915 11
65488 39955 36036 74797 94434 5398 42644 29988 85197 71522 85422
8530 20
11503 81373 87719 5892 26138 53582 59089 88957 32631 2304 20859 16064 42760 19448 98024 99723 22968 96213 27044 82458
2610 20
1382 65479 61304 49113 77032 48043 39325 89240 66708 4174 7820 74761 25060 53356 30494 52297 11071 10458 48745 71113
122 9
89613 37843 98090 47800 78834 12344 70053 13385 55902
2006 13
94498 96323 16873 36998 3964 20664 88446 79411 27157 42790 96719 75657 42447
9566 9
52477 57624 65721 48216 44518 60741 85657 3302 41865
